blocks-world
obs,problems,h-value,h-value-c,soft-c,diff-h-value-c,h-value-c-uncertainty
,,U,UA,MY,MYA,MYS,MN,MNA,MNS,U,UA,MY,MYA,MYS,MN,MNA,MNS,U,UA,MY,MYA,MYS,MN,MNA,MNS,U,UA,MY,MYA,MYS,MN,MNA,MNS,U,UA,MY,MYA,MYS,MN,MNA,MNS
10,246,34.0000,0.1382,57.0000,0.2317,2.1667,58.0000,0.2358,3.1301,55.0000,0.2236,111.0000,0.4512,2.6016,111.0000,0.4512,2.6016,86.0000,0.3496,126.0000,0.5122,2.0854,238.0000,0.9675,8.2805,66.0000,0.2683,234.0000,0.9512,7.7398,235.0000,0.9553,7.8130,55.0000,0.2236,151.0000,0.6138,5.1911,151.0000,0.6138,5.1911
30,246,38.0000,0.1545,40.0000,0.1626,1.5407,47.0000,0.1911,3.1707,112.0000,0.4553,167.0000,0.6789,2.0244,167.0000,0.6789,2.0244,164.0000,0.6667,183.0000,0.7439,1.4024,224.0000,0.9106,3.0244,130.0000,0.5285,216.0000,0.8780,2.7114,219.0000,0.8902,2.8171,112.0000,0.4553,182.0000,0.7398,3.5000,182.0000,0.7398,3.5000
50,246,31.0000,0.1260,35.0000,0.1423,1.3699,37.0000,0.1504,3.1707,150.0000,0.6098,195.0000,0.7927,1.5528,195.0000,0.7927,1.5528,200.0000,0.8130,212.0000,0.8618,1.1667,230.0000,0.9350,1.9878,183.0000,0.7439,225.0000,0.9146,1.7358,227.0000,0.9228,1.7764,150.0000,0.6098,201.0000,0.8171,2.1423,201.0000,0.8171,2.1423
70,246,27.0000,0.1098,27.0000,0.1098,1.3211,31.0000,0.1260,3.1707,211.0000,0.8577,231.0000,0.9390,1.2114,231.0000,0.9390,1.2114,230.0000,0.9350,237.0000,0.9634,1.1057,242.0000,0.9837,1.6423,208.0000,0.8455,242.0000,0.9837,1.3984,243.0000,0.9878,1.4106,211.0000,0.8577,231.0000,0.9390,1.2561,231.0000,0.9390,1.2561
100,92,10.0000,0.1087,10.0000,0.1087,1.1196,11.0000,0.1196,3.1522,92.0000,1.0000,92.0000,1.0000,1.0326,92.0000,1.0000,1.0326,92.0000,1.0000,92.0000,1.0000,1.0326,92.0000,1.0000,1.2935,84.0000,0.9130,92.0000,1.0000,1.2065,92.0000,1.0000,1.2065,92.0000,1.0000,92.0000,1.0000,1.0326,92.0000,1.0000,1.0326
blocks-world-aaai
obs,problems,h-value,h-value-c,soft-c,diff-h-value-c,h-value-c-uncertainty
,,U,UA,MY,MYA,MYS,MN,MNA,MNS,U,UA,MY,MYA,MYS,MN,MNA,MNS,U,UA,MY,MYA,MYS,MN,MNA,MNS,U,UA,MY,MYA,MYS,MN,MNA,MNS,U,UA,MY,MYA,MYS,MN,MNA,MNS
10,15,3.0000,0.2000,3.0000,0.2000,1.9333,3.0000,0.2000,3.0000,4.0000,0.2667,4.0000,0.2667,2.2000,4.0000,0.2667,2.2000,4.0000,0.2667,4.0000,0.2667,1.8000,15.0000,1.0000,11.7333,3.0000,0.2000,14.0000,0.9333,10.2000,14.0000,0.9333,10.2000,4.0000,0.2667,5.0000,0.3333,2.9333,5.0000,0.3333,2.9333
30,15,4.0000,0.2667,4.0000,0.2667,1.4000,4.0000,0.2667,3.0000,6.0000,0.4000,8.0000,0.5333,1.8667,8.0000,0.5333,1.8667,7.0000,0.4667,7.0000,0.4667,1.2667,13.0000,0.8667,4.7333,5.0000,0.3333,14.0000,0.9333,4.3333,14.0000,0.9333,4.3333,6.0000,0.4000,8.0000,0.5333,2.6000,8.0000,0.5333,2.6000
50,15,3.0000,0.2000,4.0000,0.2667,1.3333,4.0000,0.2667,3.0000,7.0000,0.4667,9.0000,0.6000,1.2000,9.0000,0.6000,1.2000,11.0000,0.7333,11.0000,0.7333,1.0000,13.0000,0.8667,2.5333,12.0000,0.8000,13.0000,0.8667,1.8667,13.0000,0.8667,1.8667,7.0000,0.4667,9.0000,0.6000,1.4667,9.0000,0.6000,1.4667
70,15,1.0000,0.0667,1.0000,0.0667,1.4667,1.0000,0.0667,3.0000,13.0000,0.8667,14.0000,0.9333,1.1333,14.0000,0.9333,1.1333,14.0000,0.9333,15.0000,1.0000,1.2000,15.0000,1.0000,1.8000,13.0000,0.8667,15.0000,1.0000,1.3333,15.0000,1.0000,1.3333,13.0000,0.8667,14.0000,0.9333,1.1333,14.0000,0.9333,1.1333
100,15,1.0000,0.0667,1.0000,0.0667,1.1333,1.0000,0.0667,3.0000,15.0000,1.0000,15.0000,1.0000,1.0667,15.0000,1.0000,1.0667,15.0000,1.0000,15.0000,1.0000,1.0667,15.0000,1.0000,1.1333,14.0000,0.9333,15.0000,1.0000,1.1333,15.0000,1.0000,1.1333,15.0000,1.0000,15.0000,1.0000,1.0667,15.0000,1.0000,1.0667
campus
obs,problems,h-value,h-value-c,soft-c,diff-h-value-c,h-value-c-uncertainty
,,U,UA,MY,MYA,MYS,MN,MNA,MNS,U,UA,MY,MYA,MYS,MN,MNA,MNS,U,UA,MY,MYA,MYS,MN,MNA,MNS,U,UA,MY,MYA,MYS,MN,MNA,MNS,U,UA,MY,MYA,MYS,MN,MNA,MNS
10,15,8.0000,0.5333,8.0000,0.5333,1.0000,8.0000,0.5333,1.0000,8.0000,0.5333,9.0000,0.6000,1.0667,9.0000,0.6000,1.0667,15.0000,1.0000,15.0000,1.0000,1.0000,15.0000,1.0000,1.3333,15.0000,1.0000,15.0000,1.0000,1.2667,15.0000,1.0000,1.2667,8.0000,0.5333,11.0000,0.7333,1.2000,11.0000,0.7333,1.2000
30,15,8.0000,0.5333,8.0000,0.5333,1.0000,8.0000,0.5333,1.0000,8.0000,0.5333,11.0000,0.7333,1.2000,11.0000,0.7333,1.2000,15.0000,1.0000,15.0000,1.0000,1.0000,15.0000,1.0000,1.1333,15.0000,1.0000,15.0000,1.0000,1.0667,15.0000,1.0000,1.0667,8.0000,0.5333,15.0000,1.0000,1.4667,15.0000,1.0000,1.4667
50,15,6.0000,0.4000,6.0000,0.4000,1.0000,6.0000,0.4000,1.0000,10.0000,0.6667,14.0000,0.9333,1.2667,14.0000,0.9333,1.2667,15.0000,1.0000,15.0000,1.0000,1.0000,15.0000,1.0000,1.0000,15.0000,1.0000,15.0000,1.0000,1.0000,15.0000,1.0000,1.0667,10.0000,0.6667,15.0000,1.0000,1.6000,15.0000,1.0000,1.6000
70,15,8.0000,0.5333,8.0000,0.5333,1.0000,8.0000,0.5333,1.0000,14.0000,0.9333,15.0000,1.0000,1.0667,15.0000,1.0000,1.0667,15.0000,1.0000,15.0000,1.0000,1.0000,15.0000,1.0000,1.1333,15.0000,1.0000,15.0000,1.0000,1.0667,15.0000,1.0000,1.0667,14.0000,0.9333,15.0000,1.0000,1.4667,15.0000,1.0000,1.4667
100,15,9.0000,0.6000,9.0000,0.6000,1.0000,9.0000,0.6000,1.0000,15.0000,1.0000,15.0000,1.0000,1.0000,15.0000,1.0000,1.0000,15.0000,1.0000,15.0000,1.0000,1.0000,15.0000,1.0000,1.0667,15.0000,1.0000,15.0000,1.0000,1.0667,15.0000,1.0000,1.0667,15.0000,1.0000,15.0000,1.0000,1.4000,15.0000,1.0000,1.4000
campus-noisy
obs,problems,h-value,h-value-c,soft-c,diff-h-value-c,h-value-c-uncertainty
,,U,UA,MY,MYA,MYS,MN,MNA,MNS,U,UA,MY,MYA,MYS,MN,MNA,MNS,U,UA,MY,MYA,MYS,MN,MNA,MNS,U,UA,MY,MYA,MYS,MN,MNA,MNS,U,UA,MY,MYA,MYS,MN,MNA,MNS
25,129,69.0000,0.5349,69.0000,0.5349,1.0000,69.0000,0.5349,1.0000,78.0000,0.6047,107.0000,0.8295,1.2403,107.0000,0.8295,1.2403,111.0000,0.8605,111.0000,0.8605,1.0000,120.0000,0.9302,1.2946,111.0000,0.8605,113.0000,0.8760,1.1240,117.0000,0.9070,1.2171,78.0000,0.6047,124.0000,0.9612,1.5349,124.0000,0.9612,1.5349
50,129,69.0000,0.5349,69.0000,0.5349,1.0000,69.0000,0.5349,1.0000,94.0000,0.7287,118.0000,0.9147,1.1860,118.0000,0.9147,1.1860,118.0000,0.9147,118.0000,0.9147,1.0000,123.0000,0.9535,1.2171,119.0000,0.9225,119.0000,0.9225,1.0620,121.0000,0.9380,1.1705,94.0000,0.7287,129.0000,1.0000,1.5116,129.0000,1.0000,1.5116
75,129,69.0000,0.5349,69.0000,0.5349,1.0000,69.0000,0.5349,1.0000,99.0000,0.7674,123.0000,0.9535,1.1860,123.0000,0.9535,1.1860,123.0000,0.9535,123.0000,0.9535,1.0000,125.0000,0.9690,1.2016,122.0000,0.9457,122.0000,0.9457,1.0930,124.0000,0.9612,1.2326,99.0000,0.7674,129.0000,1.0000,1.4806,129.0000,1.0000,1.4806
100,129,69.0000,0.5349,69.0000,0.5349,1.0000,69.0000,0.5349,1.0000,95.0000,0.7364,123.0000,0.9535,1.2171,123.0000,0.9535,1.2171,127.0000,0.9845,127.0000,0.9845,1.0000,127.0000,0.9845,1.1163,122.0000,0.9457,122.0000,0.9457,1.0388,123.0000,0.9535,1.2403,95.0000,0.7364,129.0000,1.0000,1.4961,129.0000,1.0000,1.4961
depots
obs,problems,h-value,h-value-c,soft-c,diff-h-value-c,h-value-c-uncertainty
,,U,UA,MY,MYA,MYS,MN,MNA,MNS,U,UA,MY,MYA,MYS,MN,MNA,MNS,U,UA,MY,MYA,MYS,MN,MNA,MNS,U,UA,MY,MYA,MYS,MN,MNA,MNS,U,UA,MY,MYA,MYS,MN,MNA,MNS
10,84,13.0000,0.1548,13.0000,0.1548,1.2857,14.0000,0.1667,1.5833,25.0000,0.2976,27.0000,0.3214,1.5357,27.0000,0.3214,1.5357,30.0000,0.3571,30.0000,0.3571,1.1071,53.0000,0.6310,2.5952,37.0000,0.4405,45.0000,0.5357,1.8333,48.0000,0.5714,1.9881,25.0000,0.2976,63.0000,0.7500,4.5595,63.0000,0.7500,4.5595
30,84,12.0000,0.1429,12.0000,0.1429,1.3095,12.0000,0.1429,1.5714,48.0000,0.5714,58.0000,0.6905,1.6429,58.0000,0.6905,1.6429,37.0000,0.4405,37.0000,0.4405,1.0476,47.0000,0.5595,1.7619,54.0000,0.6429,54.0000,0.6429,1.1905,60.0000,0.7143,1.4405,48.0000,0.5714,76.0000,0.9048,3.7619,76.0000,0.9048,3.7619
50,84,12.0000,0.1429,12.0000,0.1429,1.2143,12.0000,0.1429,1.5714,75.0000,0.8929,77.0000,0.9167,1.3333,77.0000,0.9167,1.3333,40.0000,0.4762,40.0000,0.4762,1.0119,50.0000,0.5952,1.5714,72.0000,0.8571,72.0000,0.8571,1.0952,77.0000,0.9167,1.3214,75.0000,0.8929,78.0000,0.9286,1.9167,78.0000,0.9286,1.9167
70,84,12.0000,0.1429,12.0000,0.1429,1.2024,12.0000,0.1429,1.5714,80.0000,0.9524,84.0000,1.0000,1.0833,84.0000,1.0000,1.0833,47.0000,0.5595,47.0000,0.5595,1.0238,56.0000,0.6667,1.3810,79.0000,0.9405,79.0000,0.9405,1.0119,80.0000,0.9524,1.0238,80.0000,0.9524,84.0000,1.0000,1.0952,84.0000,1.0000,1.0952
100,28,4.0000,0.1429,4.0000,0.1429,1.2143,4.0000,0.1429,1.5714,28.0000,1.0000,28.0000,1.0000,1.0000,28.0000,1.0000,1.0000,16.0000,0.5714,16.0000,0.5714,1.0000,22.0000,0.7857,1.3929,28.0000,1.0000,28.0000,1.0000,1.0000,28.0000,1.0000,1.0000,28.0000,1.0000,28.0000,1.0000,1.0000,28.0000,1.0000,1.0000
driverlog
obs,problems,h-value,h-value-c,soft-c,diff-h-value-c,h-value-c-uncertainty
,,U,UA,MY,MYA,MYS,MN,MNA,MNS,U,UA,MY,MYA,MYS,MN,MNA,MNS,U,UA,MY,MYA,MYS,MN,MNA,MNS,U,UA,MY,MYA,MYS,MN,MNA,MNS,U,UA,MY,MYA,MYS,MN,MNA,MNS
10,84,19.0000,0.2262,27.0000,0.3214,1.4286,27.0000,0.3214,1.8571,21.0000,0.2500,36.0000,0.4286,1.7381,36.0000,0.4286,1.7381,32.0000,0.3810,41.0000,0.4881,1.4405,65.0000,0.7738,2.8810,39.0000,0.4643,62.0000,0.7381,2.4286,64.0000,0.7619,2.5714,21.0000,0.2500,70.0000,0.8333,4.6190,70.0000,0.8333,4.6190
30,84,23.0000,0.2738,24.0000,0.2857,1.2262,27.0000,0.3214,1.8571,50.0000,0.5952,63.0000,0.7500,1.4524,63.0000,0.7500,1.4524,52.0000,0.6190,60.0000,0.7143,1.3571,68.0000,0.8095,1.8929,53.0000,0.6310,65.0000,0.7738,1.5476,69.0000,0.8214,1.7143,50.0000,0.5952,80.0000,0.9524,2.9762,80.0000,0.9524,2.9762
50,84,23.0000,0.2738,24.0000,0.2857,1.1310,27.0000,0.3214,1.8571,72.0000,0.8571,78.0000,0.9286,1.1548,78.0000,0.9286,1.1548,62.0000,0.7381,65.0000,0.7738,1.1071,70.0000,0.8333,1.3690,75.0000,0.8929,77.0000,0.9167,1.1667,79.0000,0.9405,1.2143,72.0000,0.8571,83.0000,0.9881,1.7976,83.0000,0.9881,1.7976
70,84,23.0000,0.2738,24.0000,0.2857,1.1786,27.0000,0.3214,1.8571,79.0000,0.9405,82.0000,0.9762,1.1190,82.0000,0.9762,1.1190,60.0000,0.7143,62.0000,0.7381,1.0595,67.0000,0.7976,1.2500,79.0000,0.9405,80.0000,0.9524,1.1071,80.0000,0.9524,1.1190,79.0000,0.9405,82.0000,0.9762,1.1905,82.0000,0.9762,1.1905
100,28,8.0000,0.2857,8.0000,0.2857,1.0357,9.0000,0.3214,1.8571,28.0000,1.0000,28.0000,1.0000,1.0000,28.0000,1.0000,1.0000,23.0000,0.8214,24.0000,0.8571,1.0357,25.0000,0.8929,1.2143,28.0000,1.0000,28.0000,1.0000,1.0357,28.0000,1.0000,1.0357,28.0000,1.0000,28.0000,1.0000,1.0000,28.0000,1.0000,1.0000
dwr
obs,problems,h-value,h-value-c,soft-c,diff-h-value-c,h-value-c-uncertainty
,,U,UA,MY,MYA,MYS,MN,MNA,MNS,U,UA,MY,MYA,MYS,MN,MNA,MNS,U,UA,MY,MYA,MYS,MN,MNA,MNS,U,UA,MY,MYA,MYS,MN,MNA,MNS,U,UA,MY,MYA,MYS,MN,MNA,MNS
10,84,25.0000,0.2976,32.0000,0.3810,1.5952,33.0000,0.3929,2.1429,31.0000,0.3690,42.0000,0.5000,1.7143,42.0000,0.5000,1.7143,37.0000,0.4405,42.0000,0.5000,1.4762,55.0000,0.6548,2.7262,37.0000,0.4405,47.0000,0.5595,2.1905,48.0000,0.5714,2.3929,31.0000,0.3690,66.0000,0.7857,4.0595,66.0000,0.7857,4.0595
30,84,31.0000,0.3690,31.0000,0.3690,1.2024,33.0000,0.3929,2.1429,62.0000,0.7381,68.0000,0.8095,1.4167,68.0000,0.8095,1.4167,53.0000,0.6310,54.0000,0.6429,1.2024,60.0000,0.7143,1.7262,61.0000,0.7262,64.0000,0.7619,1.4643,69.0000,0.8214,1.6429,62.0000,0.7381,76.0000,0.9048,2.2262,76.0000,0.9048,2.2262
50,84,31.0000,0.3690,31.0000,0.3690,1.0357,33.0000,0.3929,2.1429,78.0000,0.9286,83.0000,0.9881,1.2024,83.0000,0.9881,1.2024,60.0000,0.7143,61.0000,0.7262,1.1190,64.0000,0.7619,1.4167,70.0000,0.8333,71.0000,0.8452,1.1548,74.0000,0.8810,1.1905,78.0000,0.9286,83.0000,0.9881,1.2619,83.0000,0.9881,1.2619
70,84,31.0000,0.3690,31.0000,0.3690,1.0357,33.0000,0.3929,2.1429,84.0000,1.0000,84.0000,1.0000,1.0238,84.0000,1.0000,1.0238,69.0000,0.8214,69.0000,0.8214,1.0238,70.0000,0.8333,1.2143,79.0000,0.9405,79.0000,0.9405,1.0357,81.0000,0.9643,1.0595,84.0000,1.0000,84.0000,1.0000,1.0238,84.0000,1.0000,1.0238
100,28,10.0000,0.3571,10.0000,0.3571,1.0000,11.0000,0.3929,2.1429,28.0000,1.0000,28.0000,1.0000,1.0000,28.0000,1.0000,1.0000,23.0000,0.8214,23.0000,0.8214,1.0000,23.0000,0.8214,1.0357,28.0000,1.0000,28.0000,1.0000,1.0000,28.0000,1.0000,1.0000,28.0000,1.0000,28.0000,1.0000,1.0000,28.0000,1.0000,1.0000
easy-ipc-grid
obs,problems,h-value,h-value-c,soft-c,diff-h-value-c,h-value-c-uncertainty
,,U,UA,MY,MYA,MYS,MN,MNA,MNS,U,UA,MY,MYA,MYS,MN,MNA,MNS,U,UA,MY,MYA,MYS,MN,MNA,MNS,U,UA,MY,MYA,MYS,MN,MNA,MNS,U,UA,MY,MYA,MYS,MN,MNA,MNS
10,153,15.0000,0.0980,15.0000,0.0980,1.0000,15.0000,0.0980,1.0000,29.0000,0.1895,29.0000,0.1895,1.0131,29.0000,0.1895,1.0131,100.0000,0.6536,106.0000,0.6928,1.0654,142.0000,0.9281,1.9412,93.0000,0.6078,139.0000,0.9085,1.8758,141.0000,0.9216,1.9412,29.0000,0.1895,56.0000,0.3660,2.0915,56.0000,0.3660,2.0915
30,153,14.0000,0.0915,14.0000,0.0915,1.0000,14.0000,0.0915,1.0000,68.0000,0.4444,76.0000,0.4967,1.1961,76.0000,0.4967,1.1961,128.0000,0.8366,130.0000,0.8497,1.0261,141.0000,0.9216,1.2941,122.0000,0.7974,144.0000,0.9412,1.2549,146.0000,0.9542,1.3007,68.0000,0.4444,100.0000,0.6536,2.3268,100.0000,0.6536,2.3268
50,153,15.0000,0.0980,15.0000,0.0980,1.0000,15.0000,0.0980,1.0000,117.0000,0.7647,121.0000,0.7908,1.0327,121.0000,0.7908,1.0327,135.0000,0.8824,137.0000,0.8954,1.0131,141.0000,0.9216,1.0784,141.0000,0.9216,148.0000,0.9673,1.0719,151.0000,0.9869,1.1176,117.0000,0.7647,143.0000,0.9346,1.7908,143.0000,0.9346,1.7908
70,153,14.0000,0.0915,14.0000,0.0915,1.0000,14.0000,0.0915,1.0000,144.0000,0.9412,147.0000,0.9608,1.0261,147.0000,0.9608,1.0261,137.0000,0.8954,137.0000,0.8954,1.0000,139.0000,0.9085,1.0523,139.0000,0.9085,144.0000,0.9412,1.0458,151.0000,0.9869,1.1046,144.0000,0.9412,150.0000,0.9804,1.1699,150.0000,0.9804,1.1699
100,61,6.0000,0.0984,6.0000,0.0984,1.0000,6.0000,0.0984,1.0000,60.0000,0.9836,60.0000,0.9836,1.0000,60.0000,0.9836,1.0000,56.0000,0.9180,56.0000,0.9180,1.0000,56.0000,0.9180,1.0000,59.0000,0.9672,59.0000,0.9672,1.0000,61.0000,1.0000,1.0328,60.0000,0.9836,60.0000,0.9836,1.0000,60.0000,0.9836,1.0000
easy-ipc-grid-noisy
ferry
obs,problems,h-value,h-value-c,soft-c,diff-h-value-c,h-value-c-uncertainty
,,U,UA,MY,MYA,MYS,MN,MNA,MNS,U,UA,MY,MYA,MYS,MN,MNA,MNS,U,UA,MY,MYA,MYS,MN,MNA,MNS,U,UA,MY,MYA,MYS,MN,MNA,MNS,U,UA,MY,MYA,MYS,MN,MNA,MNS
10,84,22.0000,0.2619,33.0000,0.3929,1.6548,33.0000,0.3929,2.1429,37.0000,0.4405,61.0000,0.7262,2.0476,61.0000,0.7262,2.0476,57.0000,0.6786,69.0000,0.8214,1.6667,84.0000,1.0000,3.2381,54.0000,0.6429,84.0000,1.0000,3.1667,84.0000,1.0000,3.1667,37.0000,0.4405,80.0000,0.9524,4.4405,80.0000,0.9524,4.4405
30,84,29.0000,0.3452,33.0000,0.3929,1.3095,33.0000,0.3929,2.1429,69.0000,0.8214,79.0000,0.9405,1.4762,79.0000,0.9405,1.4762,76.0000,0.9048,80.0000,0.9524,1.3214,84.0000,1.0000,1.6071,80.0000,0.9524,84.0000,1.0000,1.5595,84.0000,1.0000,1.5595,69.0000,0.8214,84.0000,1.0000,2.1190,84.0000,1.0000,2.1190
50,84,32.0000,0.3810,33.0000,0.3929,1.1667,33.0000,0.3929,2.1429,79.0000,0.9405,82.0000,0.9762,1.2024,82.0000,0.9762,1.2024,81.0000,0.9643,83.0000,0.9881,1.1667,84.0000,1.0000,1.2857,81.0000,0.9643,84.0000,1.0000,1.2857,84.0000,1.0000,1.2857,79.0000,0.9405,83.0000,0.9881,1.3571,83.0000,0.9881,1.3571
70,84,33.0000,0.3929,33.0000,0.3929,1.1190,33.0000,0.3929,2.1429,84.0000,1.0000,84.0000,1.0000,1.0833,84.0000,1.0000,1.0833,84.0000,1.0000,84.0000,1.0000,1.0833,84.0000,1.0000,1.0952,84.0000,1.0000,84.0000,1.0000,1.0952,84.0000,1.0000,1.0952,84.0000,1.0000,84.0000,1.0000,1.0833,84.0000,1.0000,1.0833
100,28,11.0000,0.3929,11.0000,0.3929,1.1071,11.0000,0.3929,2.1429,28.0000,1.0000,28.0000,1.0000,1.0714,28.0000,1.0000,1.0714,28.0000,1.0000,28.0000,1.0000,1.0714,28.0000,1.0000,1.0714,28.0000,1.0000,28.0000,1.0000,1.0714,28.0000,1.0000,1.0714,28.0000,1.0000,28.0000,1.0000,1.0714,28.0000,1.0000,1.0714
intrusion-detection
obs,problems,h-value,h-value-c,soft-c,diff-h-value-c,h-value-c-uncertainty
,,U,UA,MY,MYA,MYS,MN,MNA,MNS,U,UA,MY,MYA,MYS,MN,MNA,MNS,U,UA,MY,MYA,MYS,MN,MNA,MNS,U,UA,MY,MYA,MYS,MN,MNA,MNS,U,UA,MY,MYA,MYS,MN,MNA,MNS
10,105,11.0000,0.1048,11.0000,0.1048,1.2476,11.0000,0.1048,1.6667,22.0000,0.2095,29.0000,0.2762,1.8095,29.0000,0.2762,1.8095,64.0000,0.6095,71.0000,0.6762,1.2000,105.0000,1.0000,2.5238,76.0000,0.7238,105.0000,1.0000,2.5238,105.0000,1.0000,2.5238,22.0000,0.2095,85.0000,0.8095,6.8857,85.0000,0.8095,6.8857
30,105,10.0000,0.0952,10.0000,0.0952,1.1238,10.0000,0.0952,1.6667,64.0000,0.6095,84.0000,0.8000,1.4000,84.0000,0.8000,1.4000,104.0000,0.9905,104.0000,0.9905,1.0000,105.0000,1.0000,1.1143,100.0000,0.9524,105.0000,1.0000,1.1143,105.0000,1.0000,1.1143,64.0000,0.6095,99.0000,0.9429,4.8667,99.0000,0.9429,4.8667
50,105,10.0000,0.0952,10.0000,0.0952,1.0857,10.0000,0.0952,1.6667,95.0000,0.9048,99.0000,0.9429,1.1238,99.0000,0.9429,1.1238,104.0000,0.9905,105.0000,1.0000,1.0095,105.0000,1.0000,1.0190,103.0000,0.9810,105.0000,1.0000,1.0190,105.0000,1.0000,1.0190,95.0000,0.9048,103.0000,0.9810,2.4476,103.0000,0.9810,2.4476
70,105,11.0000,0.1048,11.0000,0.1048,1.0857,11.0000,0.1048,1.6667,102.0000,0.9714,102.0000,0.9714,1.1333,102.0000,0.9714,1.1333,105.0000,1.0000,105.0000,1.0000,1.0000,105.0000,1.0000,1.0000,105.0000,1.0000,105.0000,1.0000,1.0000,105.0000,1.0000,1.0000,102.0000,0.9714,105.0000,1.0000,1.6571,105.0000,1.0000,1.6571
100,45,4.0000,0.0889,4.0000,0.0889,1.1333,4.0000,0.0889,1.6667,45.0000,1.0000,45.0000,1.0000,1.0000,45.0000,1.0000,1.0000,45.0000,1.0000,45.0000,1.0000,1.0000,45.0000,1.0000,1.0000,45.0000,1.0000,45.0000,1.0000,1.0000,45.0000,1.0000,1.0000,45.0000,1.0000,45.0000,1.0000,1.2444,45.0000,1.0000,1.2444
intrusion-detection-noisy
obs,problems,h-value,h-value-c,soft-c,diff-h-value-c,h-value-c-uncertainty
,,U,UA,MY,MYA,MYS,MN,MNA,MNS,U,UA,MY,MYA,MYS,MN,MNA,MNS,U,UA,MY,MYA,MYS,MN,MNA,MNS,U,UA,MY,MYA,MYS,MN,MNA,MNS,U,UA,MY,MYA,MYS,MN,MNA,MNS
25,90,8.0000,0.0889,9.0000,0.1000,1.2444,9.0000,0.1000,1.6667,12.0000,0.1333,24.0000,0.2667,1.7111,24.0000,0.2667,1.7111,33.0000,0.3667,41.0000,0.4556,1.1889,64.0000,0.7111,2.7000,22.0000,0.2444,64.0000,0.7111,2.7000,64.0000,0.7111,2.7000,12.0000,0.1333,72.0000,0.8000,7.2889,72.0000,0.8000,7.2889
50,90,9.0000,0.1000,9.0000,0.1000,1.1222,9.0000,0.1000,1.6667,53.0000,0.5889,68.0000,0.7556,1.4111,68.0000,0.7556,1.4111,79.0000,0.8778,81.0000,0.9000,1.0333,87.0000,0.9667,1.3333,79.0000,0.8778,87.0000,0.9667,1.3333,87.0000,0.9667,1.3333,53.0000,0.5889,85.0000,0.9444,4.6889,85.0000,0.9444,4.6889
75,90,9.0000,0.1000,9.0000,0.1000,1.0667,9.0000,0.1000,1.6667,80.0000,0.8889,81.0000,0.9000,1.1111,81.0000,0.9000,1.1111,90.0000,1.0000,90.0000,1.0000,1.0000,90.0000,1.0000,1.0111,89.0000,0.9889,90.0000,1.0000,1.0111,90.0000,1.0000,1.0111,80.0000,0.8889,90.0000,1.0000,1.8222,90.0000,1.0000,1.8222
100,30,3.0000,0.1000,3.0000,0.1000,1.0333,3.0000,0.1000,1.6667,30.0000,1.0000,30.0000,1.0000,1.0000,30.0000,1.0000,1.0000,30.0000,1.0000,30.0000,1.0000,1.0000,30.0000,1.0000,1.0000,30.0000,1.0000,30.0000,1.0000,1.0000,30.0000,1.0000,1.0000,30.0000,1.0000,30.0000,1.0000,1.1333,30.0000,1.0000,1.1333
kitchen
obs,problems,h-value,h-value-c,soft-c,diff-h-value-c,h-value-c-uncertainty
,,U,UA,MY,MYA,MYS,MN,MNA,MNS,U,UA,MY,MYA,MYS,MN,MNA,MNS,U,UA,MY,MYA,MYS,MN,MNA,MNS,U,UA,MY,MYA,MYS,MN,MNA,MNS,U,UA,MY,MYA,MYS,MN,MNA,MNS
10,15,8.0000,0.5333,8.0000,0.5333,1.0000,8.0000,0.5333,1.0000,8.0000,0.5333,8.0000,0.5333,1.0000,8.0000,0.5333,1.0000,14.0000,0.9333,14.0000,0.9333,1.0000,15.0000,1.0000,1.8667,6.0000,0.4000,15.0000,1.0000,1.8667,15.0000,1.0000,1.8667,8.0000,0.5333,8.0000,0.5333,1.0000,8.0000,0.5333,1.0000
30,15,4.0000,0.2667,4.0000,0.2667,1.0000,4.0000,0.2667,1.0000,5.0000,0.3333,5.0000,0.3333,1.0667,5.0000,0.3333,1.0667,14.0000,0.9333,14.0000,0.9333,1.0000,15.0000,1.0000,1.3333,11.0000,0.7333,15.0000,1.0000,1.3333,15.0000,1.0000,1.3333,5.0000,0.3333,5.0000,0.3333,1.0667,5.0000,0.3333,1.0667
50,15,7.0000,0.4667,7.0000,0.4667,1.0000,7.0000,0.4667,1.0000,8.0000,0.5333,8.0000,0.5333,1.0667,8.0000,0.5333,1.0667,13.0000,0.8667,13.0000,0.8667,1.0000,14.0000,0.9333,1.3333,11.0000,0.7333,14.0000,0.9333,1.3333,14.0000,0.9333,1.3333,8.0000,0.5333,8.0000,0.5333,1.0667,8.0000,0.5333,1.0667
70,15,7.0000,0.4667,7.0000,0.4667,1.0000,7.0000,0.4667,1.0000,10.0000,0.6667,10.0000,0.6667,1.1333,10.0000,0.6667,1.1333,13.0000,0.8667,13.0000,0.8667,1.0000,13.0000,0.8667,1.1333,12.0000,0.8000,12.0000,0.8000,1.0000,12.0000,0.8000,1.1333,10.0000,0.6667,10.0000,0.6667,1.1333,10.0000,0.6667,1.1333
100,15,7.0000,0.4667,7.0000,0.4667,1.0000,7.0000,0.4667,1.0000,11.0000,0.7333,11.0000,0.7333,1.2667,11.0000,0.7333,1.2667,9.0000,0.6000,9.0000,0.6000,1.0000,9.0000,0.6000,1.0000,9.0000,0.6000,9.0000,0.6000,1.0000,9.0000,0.6000,1.2667,11.0000,0.7333,11.0000,0.7333,1.2667,11.0000,0.7333,1.2667
kitchen-noisy
obs,problems,h-value,h-value-c,soft-c,diff-h-value-c,h-value-c-uncertainty
,,U,UA,MY,MYA,MYS,MN,MNA,MNS,U,UA,MY,MYA,MYS,MN,MNA,MNS,U,UA,MY,MYA,MYS,MN,MNA,MNS,U,UA,MY,MYA,MYS,MN,MNA,MNS,U,UA,MY,MYA,MYS,MN,MNA,MNS
25,45,21.0000,0.4667,21.0000,0.4667,1.0000,21.0000,0.4667,1.0000,21.0000,0.4667,21.0000,0.4667,1.0000,21.0000,0.4667,1.0000,26.0000,0.5778,26.0000,0.5778,1.0000,33.0000,0.7333,1.6889,16.0000,0.3556,33.0000,0.7333,1.6889,33.0000,0.7333,1.7111,21.0000,0.4667,21.0000,0.4667,1.0000,21.0000,0.4667,1.0000
50,45,21.0000,0.4667,21.0000,0.4667,1.0000,21.0000,0.4667,1.0000,23.0000,0.5111,23.0000,0.5111,1.0444,23.0000,0.5111,1.0444,27.0000,0.6000,27.0000,0.6000,1.0000,27.0000,0.6000,1.4000,16.0000,0.3556,25.0000,0.5556,1.3333,25.0000,0.5556,1.3333,23.0000,0.5111,23.0000,0.5111,1.0444,23.0000,0.5111,1.0444
75,45,21.0000,0.4667,21.0000,0.4667,1.0000,21.0000,0.4667,1.0000,22.0000,0.4889,22.0000,0.4889,1.0222,22.0000,0.4889,1.0222,24.0000,0.5333,24.0000,0.5333,1.0000,25.0000,0.5556,1.3778,17.0000,0.3778,24.0000,0.5333,1.3333,24.0000,0.5333,1.3556,22.0000,0.4889,22.0000,0.4889,1.0222,22.0000,0.4889,1.0222
100,15,7.0000,0.4667,7.0000,0.4667,1.0000,7.0000,0.4667,1.0000,11.0000,0.7333,11.0000,0.7333,1.2667,11.0000,0.7333,1.2667,8.0000,0.5333,8.0000,0.5333,1.0000,8.0000,0.5333,1.4000,6.0000,0.4000,8.0000,0.5333,1.1333,8.0000,0.5333,1.2000,11.0000,0.7333,11.0000,0.7333,1.2667,11.0000,0.7333,1.2667
logistics
miconic
obs,problems,h-value,h-value-c,soft-c,diff-h-value-c,h-value-c-uncertainty
,,U,UA,MY,MYA,MYS,MN,MNA,MNS,U,UA,MY,MYA,MYS,MN,MNA,MNS,U,UA,MY,MYA,MYS,MN,MNA,MNS,U,UA,MY,MYA,MYS,MN,MNA,MNS,U,UA,MY,MYA,MYS,MN,MNA,MNS
10,84,27.0000,0.3214,33.0000,0.3929,1.3214,33.0000,0.3929,1.8571,47.0000,0.5595,58.0000,0.6905,1.4048,58.0000,0.6905,1.4048,59.0000,0.7024,65.0000,0.7738,1.2500,84.0000,1.0000,2.1786,61.0000,0.7262,84.0000,1.0000,2.1190,84.0000,1.0000,2.1310,47.0000,0.5595,84.0000,1.0000,5.3214,84.0000,1.0000,5.3214
30,84,30.0000,0.3571,33.0000,0.3929,1.1429,33.0000,0.3929,1.8571,72.0000,0.8571,80.0000,0.9524,1.2381,80.0000,0.9524,1.2381,78.0000,0.9286,80.0000,0.9524,1.0833,84.0000,1.0000,1.2500,79.0000,0.9405,84.0000,1.0000,1.1905,84.0000,1.0000,1.1905,72.0000,0.8571,84.0000,1.0000,2.5476,84.0000,1.0000,2.5476
50,84,32.0000,0.3810,33.0000,0.3929,1.1310,33.0000,0.3929,1.8571,82.0000,0.9762,84.0000,1.0000,1.0952,84.0000,1.0000,1.0952,80.0000,0.9524,84.0000,1.0000,1.0833,84.0000,1.0000,1.1429,82.0000,0.9762,84.0000,1.0000,1.0952,84.0000,1.0000,1.0952,82.0000,0.9762,84.0000,1.0000,1.4048,84.0000,1.0000,1.4048
70,84,33.0000,0.3929,33.0000,0.3929,1.0595,33.0000,0.3929,1.8571,84.0000,1.0000,84.0000,1.0000,1.0000,84.0000,1.0000,1.0000,84.0000,1.0000,84.0000,1.0000,1.0000,84.0000,1.0000,1.0119,84.0000,1.0000,84.0000,1.0000,1.0119,84.0000,1.0000,1.0119,84.0000,1.0000,84.0000,1.0000,1.0357,84.0000,1.0000,1.0357
100,28,11.0000,0.3929,11.0000,0.3929,1.0714,11.0000,0.3929,1.8571,28.0000,1.0000,28.0000,1.0000,1.0000,28.0000,1.0000,1.0000,28.0000,1.0000,28.0000,1.0000,1.0000,28.0000,1.0000,1.0000,28.0000,1.0000,28.0000,1.0000,1.0000,28.0000,1.0000,1.0000,28.0000,1.0000,28.0000,1.0000,1.0000,28.0000,1.0000,1.0000
rovers
obs,problems,h-value,h-value-c,soft-c,diff-h-value-c,h-value-c-uncertainty
,,U,UA,MY,MYA,MYS,MN,MNA,MNS,U,UA,MY,MYA,MYS,MN,MNA,MNS,U,UA,MY,MYA,MYS,MN,MNA,MNS,U,UA,MY,MYA,MYS,MN,MNA,MNS,U,UA,MY,MYA,MYS,MN,MNA,MNS
10,84,30.0000,0.3571,44.0000,0.5238,2.2619,48.0000,0.5714,2.8571,44.0000,0.5238,58.0000,0.6905,1.5833,58.0000,0.6905,1.5833,48.0000,0.5714,59.0000,0.7024,1.5119,80.0000,0.9524,2.7024,53.0000,0.6310,78.0000,0.9286,2.3929,81.0000,0.9643,2.4881,44.0000,0.5238,80.0000,0.9524,4.3571,80.0000,0.9524,4.3571
30,84,31.0000,0.3690,41.0000,0.4881,1.6786,48.0000,0.5714,2.8571,66.0000,0.7857,76.0000,0.9048,1.2738,76.0000,0.9048,1.2738,65.0000,0.7738,68.0000,0.8095,1.1429,73.0000,0.8690,1.3690,67.0000,0.7976,71.0000,0.8452,1.1429,73.0000,0.8690,1.1786,66.0000,0.7857,79.0000,0.9405,2.8690,79.0000,0.9405,2.8690
50,84,32.0000,0.3810,42.0000,0.5000,1.4286,48.0000,0.5714,2.8571,80.0000,0.9524,84.0000,1.0000,1.1310,84.0000,1.0000,1.1310,75.0000,0.8929,77.0000,0.9167,1.0714,78.0000,0.9286,1.1429,79.0000,0.9405,82.0000,0.9762,1.1071,83.0000,0.9881,1.1190,80.0000,0.9524,84.0000,1.0000,1.5714,84.0000,1.0000,1.5714
70,84,35.0000,0.4167,44.0000,0.5238,1.3214,48.0000,0.5714,2.8571,84.0000,1.0000,84.0000,1.0000,1.0238,84.0000,1.0000,1.0238,81.0000,0.9643,81.0000,0.9643,1.0119,81.0000,0.9643,1.0952,82.0000,0.9762,82.0000,0.9762,1.0000,84.0000,1.0000,1.0238,84.0000,1.0000,84.0000,1.0000,1.0357,84.0000,1.0000,1.0357
100,28,14.0000,0.5000,15.0000,0.5357,1.2143,16.0000,0.5714,2.8571,28.0000,1.0000,28.0000,1.0000,1.0000,28.0000,1.0000,1.0000,28.0000,1.0000,28.0000,1.0000,1.0000,28.0000,1.0000,1.1071,28.0000,1.0000,28.0000,1.0000,1.0000,28.0000,1.0000,1.0000,28.0000,1.0000,28.0000,1.0000,1.0000,28.0000,1.0000,1.0000
satellite
obs,problems,h-value,h-value-c,soft-c,diff-h-value-c,h-value-c-uncertainty
,,U,UA,MY,MYA,MYS,MN,MNA,MNS,U,UA,MY,MYA,MYS,MN,MNA,MNS,U,UA,MY,MYA,MYS,MN,MNA,MNS,U,UA,MY,MYA,MYS,MN,MNA,MNS,U,UA,MY,MYA,MYS,MN,MNA,MNS
10,84,16.0000,0.1905,26.0000,0.3095,1.6667,27.0000,0.3214,1.8571,39.0000,0.4643,54.0000,0.6429,2.2143,54.0000,0.6429,2.2143,50.0000,0.5952,64.0000,0.7619,1.8214,80.0000,0.9524,3.0000,42.0000,0.5000,77.0000,0.9167,2.7024,77.0000,0.9167,2.7381,39.0000,0.4643,83.0000,0.9881,4.9167,83.0000,0.9881,4.9167
30,84,18.0000,0.2143,24.0000,0.2857,1.5119,27.0000,0.3214,1.8571,61.0000,0.7262,77.0000,0.9167,1.7262,77.0000,0.9167,1.7262,63.0000,0.7500,74.0000,0.8810,1.4881,77.0000,0.9167,1.8095,64.0000,0.7619,77.0000,0.9167,1.6548,78.0000,0.9286,1.7619,61.0000,0.7262,81.0000,0.9643,3.4405,81.0000,0.9643,3.4405
50,84,24.0000,0.2857,27.0000,0.3214,1.2857,27.0000,0.3214,1.8571,75.0000,0.8929,80.0000,0.9524,1.2619,80.0000,0.9524,1.2619,75.0000,0.8929,78.0000,0.9286,1.1667,81.0000,0.9643,1.4048,73.0000,0.8690,80.0000,0.9524,1.2738,81.0000,0.9643,1.3214,75.0000,0.8929,82.0000,0.9762,1.8571,82.0000,0.9762,1.8571
70,84,24.0000,0.2857,27.0000,0.3214,1.1905,27.0000,0.3214,1.8571,81.0000,0.9643,84.0000,1.0000,1.0833,84.0000,1.0000,1.0833,81.0000,0.9643,81.0000,0.9643,1.0238,81.0000,0.9643,1.0833,81.0000,0.9643,81.0000,0.9643,1.0714,82.0000,0.9762,1.1071,81.0000,0.9643,84.0000,1.0000,1.1071,84.0000,1.0000,1.1071
100,28,8.0000,0.2857,9.0000,0.3214,1.1429,9.0000,0.3214,1.8571,27.0000,0.9643,28.0000,1.0000,1.0357,28.0000,1.0000,1.0357,27.0000,0.9643,27.0000,0.9643,1.0000,27.0000,0.9643,1.0357,27.0000,0.9643,27.0000,0.9643,1.0357,28.0000,1.0000,1.0714,27.0000,0.9643,28.0000,1.0000,1.0357,28.0000,1.0000,1.0357
sokoban
obs,problems,h-value,h-value-c,soft-c,diff-h-value-c,h-value-c-uncertainty
,,U,UA,MY,MYA,MYS,MN,MNA,MNS,U,UA,MY,MYA,MYS,MN,MNA,MNS,U,UA,MY,MYA,MYS,MN,MNA,MNS,U,UA,MY,MYA,MYS,MN,MNA,MNS,U,UA,MY,MYA,MYS,MN,MNA,MNS
10,84,19.0000,0.2262,19.0000,0.2262,1.1905,21.0000,0.2500,1.4286,50.0000,0.5952,54.0000,0.6429,1.2738,54.0000,0.6429,1.2738,51.0000,0.6071,51.0000,0.6071,1.0238,60.0000,0.7143,1.9881,54.0000,0.6429,57.0000,0.6786,1.2738,61.0000,0.7262,1.4286,50.0000,0.5952,72.0000,0.8571,3.4286,72.0000,0.8571,3.4286
30,84,16.0000,0.1905,16.0000,0.1905,1.0833,21.0000,0.2500,1.4286,75.0000,0.8929,75.0000,0.8929,1.0238,75.0000,0.8929,1.0238,56.0000,0.6667,56.0000,0.6667,1.0119,61.0000,0.7262,1.4881,72.0000,0.8571,72.0000,0.8571,1.0595,75.0000,0.8929,1.1429,75.0000,0.8929,83.0000,0.9881,1.5714,83.0000,0.9881,1.5714
50,84,18.0000,0.2143,18.0000,0.2143,1.0357,21.0000,0.2500,1.4286,79.0000,0.9405,81.0000,0.9643,1.0238,81.0000,0.9643,1.0238,56.0000,0.6667,56.0000,0.6667,1.0119,59.0000,0.7024,1.2500,76.0000,0.9048,76.0000,0.9048,1.0000,80.0000,0.9524,1.1071,79.0000,0.9405,84.0000,1.0000,1.1429,84.0000,1.0000,1.1429
70,84,19.0000,0.2262,19.0000,0.2262,1.0833,21.0000,0.2500,1.4286,83.0000,0.9881,84.0000,1.0000,1.0119,84.0000,1.0000,1.0119,58.0000,0.6905,58.0000,0.6905,1.0000,60.0000,0.7143,1.1667,81.0000,0.9643,81.0000,0.9643,1.0119,83.0000,0.9881,1.0595,83.0000,0.9881,84.0000,1.0000,1.0238,84.0000,1.0000,1.0238
100,28,7.0000,0.2500,7.0000,0.2500,1.0714,7.0000,0.2500,1.4286,28.0000,1.0000,28.0000,1.0000,1.0000,28.0000,1.0000,1.0000,20.0000,0.7143,20.0000,0.7143,1.0000,20.0000,0.7143,1.0000,28.0000,1.0000,28.0000,1.0000,1.0000,28.0000,1.0000,1.0357,28.0000,1.0000,28.0000,1.0000,1.0000,28.0000,1.0000,1.0000
zeno-travel
obs,problems,h-value,h-value-c,soft-c,diff-h-value-c,h-value-c-uncertainty
,,U,UA,MY,MYA,MYS,MN,MNA,MNS,U,UA,MY,MYA,MYS,MN,MNA,MNS,U,UA,MY,MYA,MYS,MN,MNA,MNS,U,UA,MY,MYA,MYS,MN,MNA,MNS,U,UA,MY,MYA,MYS,MN,MNA,MNS
10,84,26.0000,0.3095,29.0000,0.3452,1.3333,30.0000,0.3571,1.7143,34.0000,0.4048,49.0000,0.5833,1.6786,49.0000,0.5833,1.6786,52.0000,0.6190,53.0000,0.6310,1.2976,71.0000,0.8452,2.9405,55.0000,0.6548,69.0000,0.8214,2.6190,73.0000,0.8690,2.7143,34.0000,0.4048,70.0000,0.8333,3.1905,70.0000,0.8333,3.1905
30,84,23.0000,0.2738,28.0000,0.3333,1.2381,30.0000,0.3571,1.7143,61.0000,0.7262,73.0000,0.8690,1.3452,73.0000,0.8690,1.3452,69.0000,0.8214,71.0000,0.8452,1.0952,75.0000,0.8929,1.7857,67.0000,0.7976,75.0000,0.8929,1.5714,75.0000,0.8929,1.5952,61.0000,0.7262,81.0000,0.9643,2.0595,81.0000,0.9643,2.0595
50,84,26.0000,0.3095,28.0000,0.3333,1.2024,30.0000,0.3571,1.7143,78.0000,0.9286,80.0000,0.9524,1.0952,80.0000,0.9524,1.0952,71.0000,0.8452,71.0000,0.8452,1.0357,72.0000,0.8571,1.2619,77.0000,0.9167,77.0000,0.9167,1.0952,80.0000,0.9524,1.1548,78.0000,0.9286,81.0000,0.9643,1.2381,81.0000,0.9643,1.2381
70,84,27.0000,0.3214,30.0000,0.3571,1.1667,30.0000,0.3571,1.7143,84.0000,1.0000,84.0000,1.0000,1.0000,84.0000,1.0000,1.0000,77.0000,0.9167,77.0000,0.9167,1.0119,77.0000,0.9167,1.1429,84.0000,1.0000,84.0000,1.0000,1.0000,84.0000,1.0000,1.0000,84.0000,1.0000,84.0000,1.0000,1.0000,84.0000,1.0000,1.0000
100,28,10.0000,0.3571,10.0000,0.3571,1.1786,10.0000,0.3571,1.7143,28.0000,1.0000,28.0000,1.0000,1.0000,28.0000,1.0000,1.0000,27.0000,0.9643,27.0000,0.9643,1.0357,27.0000,0.9643,1.0357,28.0000,1.0000,28.0000,1.0000,1.0000,28.0000,1.0000,1.0000,28.0000,1.0000,28.0000,1.0000,1.0000,28.0000,1.0000,1.0000
